
kalman_filter:

  F: [1, 0.002, 0.000002, 1.333333e-9, 0,     0,        0,           0,
      0,     1,    0.002,    0.000002, 0,     0,        0,           0,
      0,     0,        1,       0.002, 0,     0,        0,           0,
      0,     0,        0,           1, 0,     0,        0,           0,
      0,     0,        0,           0, 1, 0.002, 0.000002, 1.333333e-9,
      0,     0,        0,           0, 0,     1,    0.002,    0.000002,
      0,     0,        0,           0, 0,     0,        1,       0.002,
      0,     0,        0,           0, 0,     0,        0,           1]

  Hx: [1, 0, 0, 0, 0, 0, 0, 0,
       0, 0, 0, 0, 1, 0, 0, 0]

  Ha: [0, 0, 1, 0, 0, 0, 0, 0,
       0, 0, 0, 0, 0, 0, 1, 0]

  Rx: [0.00000002563649, 0,
       0, 0.00000001452297]

  # Rx: [0.001, 0,
  #      0, 0.001]

  Ra: [0.000000001, 0,
      0, 0.000000001]

  # Ra: [0.001, 0,
  #     0, 0.001]


  Q: [                0,                 0, 0.000000000000001, 0.000000000000667,                 0,                 0,                 0,                 0,
                      0, 0.000000000000001, 0.000000000001333, 0.000000001333333,                 0,                 0,                 0,                 0,
      0.000000000000001, 0.000000000001333, 0.000000002000000, 0.000002000000000,                 0,                 0,                 0,                 0,
      0.000000000000667, 0.000000001333333, 0.000002000000000, 0.002000000000000,                 0,                 0,                 0,                 0,
                      0,                 0,                 0,                 0,                 0,                 0, 0.000000000000001, 0.000000000000667,
                      0,                 0,                 0,                 0,                 0, 0.000000000000001, 0.000000000001333, 0.000000001333333,
                      0,                 0,                 0,                 0, 0.000000000000001, 0.000000000001333, 0.000000002000000, 0.000002000000000,
                      0,                 0,                 0,                 0, 0.000000000000667, 0.000000001333333, 0.000002000000000, 0.002000000000000,]

  # P: [0.000282, 0, 0, 0, 0, 0, 0, 0,
  #     0, 0.0001, 0, 0, 0, 0, 0, 0,
  #     0, 0, 0.0001, 0, 0, 0, 0, 0,
  #     0, 0, 0, 0.0001, 0, 0, 0, 0,
  #     0, 0, 0, 0, 0.000121, 0, 0, 0,
  #     0, 0, 0, 0, 0, 0.0001, 0, 0,
  #     0, 0, 0, 0, 0, 0, 0.0001, 0,
  #     0, 0, 0, 0, 0, 0, 0, 0.0001]

  # P: [0.01, 0, 0, 0, 0, 0, 0, 0,
  #     0, 0.01, 0, 0, 0, 0, 0, 0,
  #     0, 0, 0.01, 0, 0, 0, 0, 0,
  #     0, 0, 0, 0.01, 0, 0, 0, 0,
  #     0, 0, 0, 0, 0.01, 0, 0, 0,
  #     0, 0, 0, 0, 0, 0.01, 0, 0,
  #     0, 0, 0, 0, 0, 0, 0.01, 0,
  #     0, 0, 0, 0, 0, 0, 0, 0.01]

  P: [0.00000002563649, 0.00001281824500, 0.00000000506325,                0,                0,                0,                0,                0,
      0.00001281824500, 0.00000000506325, 0.00000000000200, 0.00000003333333,                0,                0,                0,                0,
      0.00000000506325, 0.00000000000200, 0.00000000100000, 0.00000200000000,                0,                0,                0,                0,
                     0, 0.00000003333333, 0.00000200000000, 0.01000000000000,                0,                0,                0,                0,
                     0,                0,                0,                0, 0.00000001452297, 0.00000726148500, 0.00000000381090,                0,
                     0,                0,                0,                0, 0.00000726148500, 0.00000000381090, 0.00000000000200, 0.00000003333333,
                     0,                0,                0,                0, 0.00000000381090, 0.00000000000200, 0.00000000100000, 0.00000200000000,
                     0,                0,                0,                0,                0, 0.00000003333333, 0.00000200000000, 0.01000000000000]

  var_j: 0.01

  alpha: 0.006
